1154842571182694405
1136341905552347138
1128320837164183554
1119292858362515459
1112817307443593216
1109624117681106944
1103495972749860865
1102538940052094977
1095173293194194944
1091039378556633088
1082334352711790593
1080846559129100288
1080584229510172678
1080189139516080129
1074710666819325953
1074697051080925185
1071172788465987584
1065252027767369732
1063398305533763586
1062002061947002880
1061819208827195392
1058063178372911106
1057919153519190016
1055070224305807361
1052780998121975809
1049445999968743426
1049246784126636032
1049061851819114501
1045703331211931648
1045502923617300480
1041785194095816704
1039598855950671876
1037331957330468864
1037081424078106624
1036162910626762752
1034205948007645184
1034098560713875456
1034040656388345856
1030968649002049536
1029797947540746242
1029210058314461186
1028745211218931714
1027724267427966978
1027629454699294721
1025450291632766977
1024425503870992384
1023259851470852096
1022497992350134273
1022230334518296577
1016757472617431040
1016656576445284353
1014650603757293569
1008833426261147650
1007632386845097986
1006569151413063680
1003405829964378112
999353591096848395
996506998580498432
994626411360129024
993582844923465729
989239437082185729
988096825474330624
987974994964561921
984869371922219008
981703256857493504
981309087764934661
981210347771170818
980546393302536193
979807052917760000
979325070379171841
978585504177377280
974094774775922688
972614713069768704
971851647025598464
971705249185460225
971237735573983234
970101309914472448
969276824311263232
969190018228080642
968272857741471744
967620055092535296
967027984426242053
966037601273626624
965266179836252161
965231053119148032
965094914705956865
965004924370079744
964535737461936131
963823401713524736
963265761132273665
962871673119805440
961706441835913217
960991422081093632
960756196457070592
956333277744218113
956186358342737925
955642299790143488
951141340959490048
948576145548693506
947985143750320128
947802660417220608
944377373650247680
943917101269561344
941782988819521536
939221909409067010
938629373141204992
938122889433411585
937601568936837120
935553167307055104
932615364957102080
932431538586902528
932430868789915648
931621945782784000
930122302678818819
927993989747429383
926174606553174016
925818298280828928
925765664551215104
924705174928707584
923622845388935168
921291894281375744
920857472985739264
919674020504760320
918663975260315649
918222789512912896
915681980519288832
914872131493777409
913690691359924226
911710666079244288
911297187664949248
908820789511774215
908581392061214720
908017117341118464
907759856429527040
905098597691248640
904341615011135488
903345674472878081
903171270094749697
902539066385854464
901103853118029826
899739707843727360
899366905558913024
898399037308649474
897817815469641729
896466828733685760
895384153134440449
895001056811380736
892865028939948033
892060639526395904
891077171673931776
890837098604789760
888481889887059968
887353961933545478
886206831185600512
885794364760485892
885135692447272962
884766432046833668
884476034506248194
883476092832681984
883387242261118977
882958562296819714
881969469115035648
880512674848571394
880417607865815040
877986341350498304
877894730499198976
876107531411750913
875529961309970436
875450218828804096
875054869995896832
874599574391967744
873530075785842688
872881554946539520
872564510711848962
871057683629191168
868126911817502721
866047997456658434
864701899542601729
864494870299369473
863426878627078144
863265441136885760
862016822245195777
860527671985545216
859435493326438400
859151156450385924
858545360486125569
857994826230374401
856318811041128452
856003919515877376
855132306872320001
854812794985877505
853007708814954496
851757189802979329
846365401256734720
844678238983012352
842550390818201600
842178650527141888
841060199305773056
840618056678293504
837239978941874177
836262415620837377
835936586252619778
834081571493785600
833587995928178692
832756614729920512
832419235980644352
831847934534746114
831734738339713025
830908366377611266
829187338492313600
828668619986964480
828483110878720000
827907955278360577
826699259441328128
826490068563062784
826063283065126912
825456869942652928
824794440409706496
824688034746494976
824671169534005248
824622851898630144
824483586787147778
823799206267625473
823519451756855296
823371036108476416
823078969885028352
822540133404737536
822491301484576772
822131894540083201
821072576726200320
821042028800802816
818647946522673153
818525245015527425
818340058193272832
818282957618216960
818027503394557956
815733290955112448
815555071517872128
814897678010171392
813876296669282304
813772855586471937
810957203469307904
809727444420874240
809594570371694593
809043928276238336
808881650780147713
808117936741351424
807734012311502849
806953497321013249
806906355214852096
805079430091653120
804719321628831744
804553619236331520
803694179079458816
802612945129799680
802293277005205504
802032104993210368
801127738279133184
800669141665386497
800611034104872960
799394402112184320
796895774449733634
796811192924770305
796662787346984960
793367508883501056
793199671657177089
790627436832579584
789364228851429376
786208636057944066
786150633195745280
785158445381066752
783834754722521088
783735783106736128
783612678765998080
781109084338532352
780989428693106688
780407072743690241
779767145307705344
779416353019203584
779361473063555072
779081827470413824
778627337780883456
778346204862124032
776921225134088193
776847925758439425
774970148533002240
774337933893636096
773671325168697348
773396639923011586
773365702069714944
773280684173463552
772785869027733505
771361065540214784
769747443235840000
769233220147838976
768921335678382081
768788583121584128
768242120956088320
767411159507079168
765735376912719876
765612166091341826
765359866554814464
764555761179656192
762851762092937218
762848314379280385
761419439849938944
761318085907378176
761163587263922176
760593144085897216
760249857172910080
759599234421104644
757978472895479808
757628119184449536
757157337077514240
757009786168807428
756482865483788292
756354598818816000
755877821671702528
754681453359673348
751808897745231873
751283435382067202
750696673081331712
750442641880383488
749336124447793152
748866200122200064
747820285697499136
747606759536099329
747193876465614848
746797336588738560
741059080161087488
740465697529159680
740277865346895872
738803172991373312
737426291792580608
735165794804367360
734722394745626624
733110539472252929
732658869827178498
732338198614036481
731538535795163136
730809150675009538
730219085519278080
729835966534291458
728685220040351744
727848992936177664
727344464482684928
727165860956131329
724620401410715648
723221199765950464
723192209781092352
723189488743112704
722665013622779904
722663234118033408
720858537446879232
720332627585011712
719555092911931392
717421569031602176
716969106050682880
716348353915686912
716255213951315969
715689949354397697
715425698626805760
715425643593248772
715196328897282048
714928172605816834
713123591844413440
712370958632402949
710519391889154048
709923050909671424
709600630659125248
709438522965544960
707319950436741120
706659482277945345
706519484127911937
706033492853956608
705850200473010178
705737658849488896
705472150409326592
705398097975885824
702600445722828800
702385846373261312
701834278213132288
701745919235063808
701153385525997568
4923108289
4921234241
4910809053
4888600459
4886051690
4884313842
4869872416
4867386993
4861145409
4847566840
4845339208
4823705386
4822289523
4809119178
4795344505
4794464534
4696552878
4669639994
4648247874
4645368641
4625037762
4624845072
4521070403
4516255048
4502652733
4497126976
4475647522
4475055297
4407885628
4400697677
4362033733
4332388420
4326506428
4312332929
4276646069
4227648597
4209812975
4187716153
4164227656
4159768852
4150422993
4120513535
4117722860
4107939250
4105324925
4085693375
4061791091
4037981961
4026525773
4008474733
3973300703
3971594183
3949525095
3949422257
3931240040
3905083452
3891348843
3873741807
3871531333
3840635652
3821227853
3751591514
3740778132
3712173020
3672873210
3657048561
3654311716
3594295522
3589311254
3586375092
3586362494
3564832036
3545568196
3503016075
3486683535
3481581857
3449493027
3439273827
3437459597
3434009927
3433407383
3433345455
3424373113
3418151417
3403546738
3387924312
3379461005
3374431174
3371331549
3370776527
3369638794
3366580469
3365929648
3362159232
3355292362
3351041295
3349216804
3347605245
3344711285
3331240983
3327997880
3327720838
3326841488
3325377442
3324920832
3322025617
3321388582
3320586824
3319346609
3317233336
3316144782
3316069385
3310067741
3307749591
3305861825
3305325070
3303017800
3301608800
3300893846
3299176592
3298843560
3297000296
3293263059
3292727445
3292265716
3290570816
3289885971
3289440085
3288969152
3285797414
3285745698
3280521515
3273220608
3269706379
3267596234
3257102911
3254648154
3251353352
3247976621
3247929645
3247926267
3244592264
3238448948
3231905569
3230388598
3224765661
3222990278
3222787285
3222315911
3221371596
3221316165
3220441399
3219632672
3206816110
3202202655
3196604150
3194871444
3184054019
3182277606
3181510377
3172796719
3169095925
3166274512
3162951266
3160035829
3157736703
3149277867
3148428545
3128071664
3122868355
3119988399
3118591615
3112652493
3111260895
3111064330
3103677102
3099901028
3097134196
3093573484
3092189465
3089095589
3087289043
3081690800
3081376528
3065976022
3065367985
3060489838
3060239773
3060174289
3044614047
3044519912
3041782973
3031362341
3030006159
3027938979
3026919015
3026606975
3024787508
3016445833
3012875732
3011018702
3010731441
3009550627
3008273793
3006871209
3004269184
3004103247
3002622789
3002594745
2999717600
2999672706
2999257951
2996800307
2993789345
2992492374
2984957405
2984872862
2983206962
2981754251
2981649623
2980171179
2977250439
2976655996
2973745205
2973388380
2971477055
2968635633
2962571709
2961809246
2958862297
2949301194
2944922649
2939981430
2935224132
2934409195
2927779393
2927379996
2922928743
2918805490
2917394507
2916347209
2913185992
2912762115
2909713155
2909643908
2909625840
2908578035
2906692678
2905795611
2903969204
2901730581
2899953134
2892366627
2891838525
2890857599
2888895350
2887837801
2885138213
2879106702
2878802564
2876259306
2875067068
2874771314
2874358620
2874254614
2874227188
2874023542
2872625806
2871549402
2871356046
2869663966
2865404679
2863996955
2862391036
2859463313
2859448331
2858238477
2855108864
2854750510
2850595645
2849202873
2847889290
2844420783
2843913278
2843855072
2842499092
2841558748
2840527602
2839788200
2838303287
2835634754
2835473372
2835276183
2834879453
2834526333
2833837079
2833302325
2832470440
2832140768
2832124109
2832102908
2831977250
2830254912
2826898502
2825670761
2825077411
2824144211
2822652091
2822012692
2820493638
2811394160
2805856351
2804332645
2803587655
2802345006
2800229732
2799621059
2792619277
2791420775
2790907363
2788976323
2788572134
2788547730
2788376832
2783231383
2780943422
2778297421
2778277496
2777879587
2777267753
2776098369
2775768223
2772756692
2767606940
2766321372
2762585518
2760492847
2756742717
2754973009
2752979906
2751934170
2749530967
2748891774
2740307010
2739826012
2737150088
2732763850
2726673151
2726490164
2723584891
2718329244
2708262349
2706872107
2705954881
2691343236
2690688900
2681006542
2677992763
2670277466
2665573442
2662818497
2661463195
2661084708
2660735228
2660384088
2657787980
2653394250
2648795407
2646334171
2645508641
2626331826
2616323736
2611565370
2610464621
2602262088
2601958646
2601630428
2600186539
2598639067
2589512484
2588883812
2586997621
2585270329
2584877634
2584156840
2579142398
2578441177
2575402484
2575331630
2574655552
2573952518
2572458295
2565971588
2565412998
2561093939
2559244141
2559195162
2558038814
2556766360
2556480187
2555176531
2550546379
2548985366
2547727998
2544890930
2541174313
2540605710
2539128534
2538106670
2536561231
2536466947
2533798098
2530449468
2528302362
2525246061
2519044628
2517015938
2511461743
2504452635
2502466327
2497469088
2493283903
2492917412
2491616984
2490877145
2483609064
2482378435
2478503936
2474760938
2474251909
2474215005
2473963118
2472633828
2471216594
2467844682
2463848636
2462285623
2460112424
2460079062
2458256605
2458115778
2457575336
2449810405
2447778138
2447662261
2447648814
2446060207
2444727858
2440258777
2437806571
2436389418
2434103533
2429478240
2427244933
2424178550
2423355920
2420849126
2416228476
2412939108
2412691238
2402911406
2401933753
2400365755
2396676811
2395318063
2389449282
2385817231
2383758986
2383318260
2382976364
2382106993
2380083200
2379355442
2375781866
2375542381
2372620837
2366194867
2363290915
2355808260
2355032443
2353850029
2350331485
2349845856
2349089310
2348604008
2347372296
2343198944
2342543479
2342495588
2340700950
2340650034
2338932691
2338702590
2337782599
2336006322
2332590510
2332206228
2330026777
2329800492
2329620978
2327359038
2326168136
2319899455
2319408132
2319108198
2316383071
2316092634
2315512764
2314443930
2313732494
2312400798
2312333412
2309086950
2308777051
2307588846
2307234206
2303978792
2302866931
2302240105
2297330653
2293370270
2289151290
2287614205
2287427427
2282376511
2278870454
2275639165
2272410223
2266793899
2263046664
2260197309
2255375424
2254227434
2254182852
2254143044
2253654474
2253614827
2252913685
2246518981
2246067150
2242325372
2240664289
2239715282
2236083720
2232039536
2231220049
2230457174
2228686416
2227475298
2227281840
2226933090
2222312184
2209677878
2209470128
2205385142
2205307848
2202449772
2201169726
2199628848
2196709370
2196680173
2193616844
2191618363
2188849249
2182742878
2179546537
2178952686
2177240989
2176428049
2175120708
2175021342
2169386969
2168783814
2168308005
2167343042
2167286587
2165619896
2163697541
2163693786
2162764543
2157572317
2157362647
2157126081
2154550759
2154218983
2151792020
2151408794
2149490797
1979601391
1969639507
1967960618
1964971663
1962626484
1962595704
1961447827
1958570954
1954658424
1951038763
1950555950
1944943483
1944535268
1935832362
1930971006
1925802439
1924414555
1917826916
1916174244
1915511984
1915033663
1912828686
1911903122
1900733426
1896567750
1895397547
1894231788
1881886172
1881168794
1879374752
1877801245
1876301353
1872664158
1872245198
1864809547
1862743357
1861884008
1858674080
1853310463
1852930135
1851884396
1851533413
1787201851
1728905900
1728683538
1726682706
1721423718
1716596448
1714343258
1713410317
1712989190
1711586252
1705300957
1704646470
1701540050
1697954779
1694114916
1693770787
1693028455
1691377122
1686799970
1684011037
1678978038
1676935166
1668275245
1666624981
1666171729
1663172653
1654135140
1648782912
1647021344
1643665106
1643398417
1638270607
1637465760
1636852644
1633984034
1633099602
1632897678
1631373060
1626904404
1624190701
1623412297
1617985466
1616552084
1615463502
1614157532
1596718267
1593367057
1586734111
1585589059
1585193610
1581522368
1581318708
1581175387
1579422614
1579235126
1575952254
1575885642
1574500442
1570842444
1566712310
1564728318
1559507712
1558675639
1554762541
1543201405
1540951016
1538818580
1536791610
1535601265
1534167900
1531859623
1529832349
1524879570
1523165312
1519705350
1517267136
1516960399
1513806158
1513294208
1512211704
1512021254
1511398783
1511062183
1507338108
1506003235
1500549409
1500013435
1498383564
1491234998
1488635916
1488240140
1486195712
1483948081
1483447088
1483064670
1482830336
1481054280
1478433775
1477949676
1475857172
1473339486
1471313300
1468995812
1468859010
1463403907
1456122079
1454895271
1444456622
1437134466
1436792342
1432119344
1431539858
1431422208
1428909246
1426253580
1416536533
1414867579
1414713511
1413650449
1411714699
1411535424
1410604152
1407889201
1401501157
1401083594
1398759560
1396151678
1392544254
1391490624
1389581646
1387493311
1385647819
1385638159
1383272101
1381929060
1377779738
1377319052
1371762505
1370792696
1368156548
1365391699
1363630512
1359737186
1357753717
1354147074
1350517134
1347952567
1345185876
1338324476
1335646238
1330471772
1329632341
1328121782
1323110707
1322660676
1322522821
1320554161
1316941669
1313636102
1313269614
1304991110
1302553580
1302019692
1292671219
1290588486
1288706996
1287681218
1285900176
1280841565
1277893256
1270758145
1270746139
1268554064
1268508296
1268126316
1265926411
1264917840
1261469918
1260915858
1259776242
1259148428
1257754933
1257617778
1256362694
1253761873
1253377644
1245424526
1242732601
1239783943
1235202230
1232393917
1228121154
1227698863
1225814342
1222581625
1214528593
1214014658
1213340190
1210952893
1206227149
1202504034
1198322600
1191733316
1190334018
1184768473
1177270363
1176580550
1176407047
1169826739
1167735445
1161947948
1148425242
1148242351
1146837372
1146091022
1144266630
1137634826
1137366338
1133351336
1132502018
1126513182
1125690272
1123007678
1119502988
1117847490
1117665367
1114037143
1107595004
1105830438
1102508078
1102321381
1101025920
1093090866
1090665362
1089334250
1087064150
1084098438
1080065808
1079708282
1071567140
1071076213
1071064302
1068605701
1067544265
1064741256
1064561594
1063421210
1060912914
1058520120
1051396218
1048386452
1046716076
1031289656
1029236144
1028931548
1023062342
1020019812
1017637447
1017637249
1017428432
1008996926
1007744623
1001734520
997564848
997442791
996083906
995994608
991351656
991182416
990109482
987918025
987272245
985619029
968881477
963706328
962773093
961445378
950041254
948272053
947029254
946772418
946532006
944267155
942700782
942156122
939922981
937499232
937467860
932432144
932181733
930980227
930625267
928435039
924371000
921423120
918425318
918261548
915814429
913036602
906545648
904561278
904400600
902478686
900655117
898221055
897938772
897861037
897783186
892463348
889745082
889161607
887356339
886832413
885872496
885594949
883558274
882561206
878270606
868501578
867426264
867298830
863539196
863280091
862364028
860715570
860555190
860012472
857053682
856541587
855556862
852993698
851429353
849181692
847967167
847952845
846895494
846358542
844650740
843183830
843042942
837320959
837017000
832268156
832090051
832022076
823957466
822455820
820194234
820112946
814432290
813818485
813313086
810092066
808808989
807968504
807814694
807366960
807159601
805115720
802913449
799497619
798199914
797439073
794145524
792768956
791077327
785461610
784575811
783792992
783034964
781582074
779395039
776542704
775243328
771489602
771118754
766919156
766905846
763010018
760578822
758383008
757520216
757303975
756304266
755710165
755491015
755421632
751151083
749838738
749375898
746621886
745261482
745185680
743871787
743768472
742824223
739787706
737187498
735617005
733893697
733389080
733067312
731360706
722242009
721802533
720868868
720237120
719902236
718522225
717654410
714983072
714417913
712267513
709824484
709773355
709644992
707840696
707315833
705725984
705405249
704769925
701196212
637352404
637319818
637196658
635918547
635555313
635225094
634734888
634605933
634130568
633496248
632432638
632254162
631198606
628529267
628121820
627535726
626816266
625065527
624990904
624086555
623949309
623447425
622612464
621884390
620318500
620136601
619714559
618474858
617029524
616611494
615804545
615369667
615064924
614609114
613725908
612190532
611838632
609302699
608491232
608338878
606776750
606549267
606196086
606105909
605999737
605535281
605153786
604007095
603275823
601985933
601369792
599049977
598871142
598692023
598232506
597868047
596691347
596600409
595245502
595037142
594954864
593091020
593041510
592774329
591924206
590289686
590081372
589205569
588587397
587709332
586960773
586012910
585770714
583785893
583129273
579491588
579464821
578844556
578206288
577192957
576453914
576436187
575658149
574144575
574032254
573052594
570416368
570147150
569477822
568391226
568346148
566734344
565665440
564781790
563653334
562626507
561547908
561181601
559176980
558633256
558554520
558205687
556221314
555321630
554957019
553948069
553232839
551894768
551699893
551241263
550989829
550708707
550532198
550416603
550146359
549544685
549049344
548879532
547608258
545625585
545432826
545203265
545174567
544823408
544810239
544784780
541872374
540553620
540342115
540141486
540085463
539257589
539104576
539010491
538592739
538274263
537805181
536938051
536539127
534525609
533806457
533539874
532779460
532774907
532690100
532449573
529443116
529367279
528949429
528020973
527067216
524769326
523917086
523776989
521812772
521746615
520770492
520719713
520435437
519912830
519720755
518585367
515838635
515834837
515310146
515145898
514564994
512562844
511291883
510464011
509113202
508194417
508142203
507846165
507278068
505865032
504906590
501994958
501986893
501968170
501610065
500704345
499110620
499013898
498865225
496559962
495430242
494870257
494287469
494044549
493137195
490631300
489477689
489475164
488700915
488555302
487942988
484842626
484595690
484141568
483997312
482089732
481867656
481689499
481329866
480843442
480739373
479894950
478804295
478181304
477756438
477535180
476818705
476413323
475197190
474974313
474154291
473483317
471224215
471196727
470491030
469665899
468631912
468076687
468016891
466823737
466762291
462582362
462273819
462119058
462012809
461697741
461375034
460800557
460703819
460617401
460163041
459936166
459815426
458689371
458647237
458042437
457088373
456183100
455893458
455083254
454812727
454423650
454396494
454304784
454100672
453280726
452670595
450762904
449588356
447840446
446881206
443946182
443772978
443213944
443043606
441538884
441538740
438640041
438520238
437707118
436324382
436095587
435479854
435331179
435094186
434757408
434239710
433828212
431114787
430995737
429629439
429376581
429039907
428552137
428254706
427699416
427505253
426135835
424590343
424541862
423693990
423576379
423208251
423167129
423065127
422567572
420831949
420473588
419733488
419308842
418991973
417441889
416067918
415881007
415859364
415507521
414929340
413534581
413327797
413171732
412904642
412871076
412859114
410150213
409486555
409371254
408777266
408641080
407927383
407179694
407053426
407013776
406911096
406430870
406345425
405125975
404934989
404442001
404298678
403780910
403731393
403627863
403167436
403029507
402978872
402664998
401210692
400924210
400286802
399720581
399412477
399154384
398437761
398271367
398088661
397689316
396857905
396323154
396080258
394982550
394224745
394060363
393989380
393893442
393762343
393753279
393732736
392705809
392425423
391835914
391408747
391304657
390821801
390436060
390180921
390139792
389717616
389638567
389468789
389082372
388876702
388818412
388694282
387933436
387662860
387522188
387358560
387192343
387083690
386613788
385978293
385642004
385391762
384732715
383289779
382330761
382176649
381313686
380578224
380068597
379400685
378848483
377861501
377302815
376387897
375063723
374709925
374253880
374223087
373551099
373010630
372916217
372910226
372624390
372346211
372126719
371858714
371017223
370961565
370844675
370348072
370113964
369683102
369246180
369038524
368651545
367924282
366734571
366631688
366602165
366309158
366204851
365397983
365215155
365145609
365017572
364761686
364465975
363304693
362486032
361982257
361269053
360938024
360831528
360668046
359909279
359736798
359684929
358294386
357894005
357829212
357646521
357606935
357366153
356584011
354537284
353452414
352701614
352686442
352644686
352518189
352231718
352053266
351893585
351752907
350424151
350304149
349075153
348881683
348728082
348132088
346716849
346294679
346054122
345738416
344514301
344246959
342470910
341342503
341272110
341075360
339261041
339142587
339086502
339063493
339061487
338958005
338861332
338604482
338416941
337563460
337491274
337369857
337280241
337124668
335564286
335328474
334720576
334505800
334266988
334205603
332786906
332626214
331918374
331382633
331336793
330568654
330410875
329714473
329700504
327835080
327528552
327341328
326511843
326309905
326208966
326071624
325925601
325781971
325366838
325225649
325177969
325065724
325065222
325013033
324643835
324539863
324385851
323392440
323144085
323023676
322932811
322772286
322541500
321666686
321575853
321417976
321047987
320539999
320534367
319861969
319082942
318622161
317144532
316186286
315991624
315876316
315490964
315302894
314753352
314601950
313540758
312789382
312758544
312503498
312430111
312426579
312116302
311880926
311634015
310429679
310308030
309420446
308305798
307693219
306184810
305765649
304572237
303861808
303847923
302427003
302106516
301654169
301427990
300868563
300866884
300461119
300036810
299924386
299877078
299454866
299304985
298085149
297498647
297100174
296664658
296622166
295218901
294779361
294188323
293650530
293270094
293065451
292960624
292634416
292509424
291814511
291551746
290019083
289998998
289516877
289509455
289342771
288816843
288308178
288121107
287816744
286992209
285428413
285131825
284880349
284870222
284780847
284771634
284647406
284361077
284304299
284073198
284048193
283632977
283290392
283230558
283193161
282701052
282640983
282328732
281866577
281729612
281495600
281426689
281051064
278030569
278023225
277621976
276412563
275911334
275817379
275208016
274683012
274676648
274286594
274188045
274164637
273706709
273375532
272390998
272019676
271601706
271057079
271041975
270190324
269911034
269337142
269015627
267955046
267875275
267485701
267279706
267184679
266825507
266018414
265757417
265640530
263500861
263197731
263020833
262837262
262735521
261721435
261623768
261232181
261040423
260782440
260690940
260295559
259401273
259081108
258842582
258547837
258497356
258480276
258374099
258161837
258032124
257715812
257516506
257137124
256635047
256162429
256020572
255681367
255481647
255340704
255170949
254895353
254612798
254453399
254363245
254201259
254107028
253910636
253759763
253742656
253616306
253608265
253152109
253143684
252993080
252819642
252735965
252643801
252618624
252531143
252397899
250912539
250841535
250456284
250446648
250307159
250121453
249726335
249658365
249475029
249351969
248977491
248747209
248096731
247495598
246939630
246622827
246552744
246538620
246493616
246184280
245572815
245498430
244767619
244251702
243833850
243546100
243378780
243032876
242974118
242950665
242836537
242466106
242361250
242179803
241605796
241347778
241209437
240988457
240569603
240428402
239960764
238848438
238835314
238788153
237921152
237624170
237387363
237325888
237235302
236583378
236570721
236473969
236305811
236209129
236142773
235409684
235157198
235028690
235000111
234141928
233721185
233671382
233281560
233033031
232602648
231914802
231861928
230656353
230541978
229932804
229599399
229344235
229308403
229205989
229005889
228535936
228279304
227865691
227349768
227016206
226948272
226380171
226222147
226024901
225138752
224833160
224777539
224697103
224320485
224019635
223671790
223646111
223539761
222953824
222865265
222854927
222765418
222627204
222597346
222494373
221861185
221349647
220779688
219274202
218984871
218677752
218629665
218590469
218568080
218325695
217626610
217505532
217211892
217152611
216939636
216537631
216425548
216194230
216071740
216027858
215404498
215097120
215035672
214593916
214340112
214337395
214212626
213899424
213855343
213793319
213304250
212740908
211020179
209854324
208725869
208576658
207640731
207559129
207243664
206447664
206283535
205873490
205086968
204805012
204340224
203693462
203650771
203640705
203440822
203071854
202740557
202658687
202169762
202082864
201193758
200996852
200749589
200457191
200456962
200153127
200122481
199701722
199324433
199214012
199002566
198932558
198925162
197662402
197197503
197182526
196747495
196540524
196425524
195838373
195442651
195284921
195139529
194203770
194182869
194079156
193900255
193441812
192719678
192198128
192108196
191932849
191813555
191652508
191195698
191122681
190360266
189068159
188809568
188803750
188578326
187715714
187521608
187289134
186529934
186242068
186028018
185879327
185869091
185808487
185684821
185246161
184992494
183203486
183010626
182968471
182965511
182664257
182454541
181914188
180858105
180535644
180493678
180411034
180059703
179420175
178953282
178112098
178082389
178078626
177606295
177427007
177012761
176974272
176906206
176905010
176758255
176733810
176249476
176233506
176186472
174893399
174770559
174251966
174110843
173852173
173203977
173077453
173039868
172461015
172271916
171937887
171916213
171837251
171567873
171529561
171313785
171164022
171106328
170618342
169785728
169651158
169566728
169312819
168688016
168576040
167544189
167390061
166902538
166739404
166655653
166431884
166267749
165944767
165858521
165685017
164792835
164639178
164369297
164345574
163989672
163941928
163752302
163693196
163467714
163154809
162427574
162337124
161801527
161794340
161563071
161335306
161051718
160302915
159995456
159295053
159278421
159221370
158751132
158680425
158471931
158348699
158065720
157630587
156973934
156775856
156471512
156398138
156378078
156264653
156121420
156045215
156001328
155341902
155214257
154875149
154218312
154045477
153913869
153864832
153847014
153826366
153602427
153498286
153343094
153196789
152909740
152686651
152084906
151901549
151666167
151575709
151116641
150970399
150694891
150651320
150213683
149908031
149627584
149626146
149047019
149001999
149001587
148969874
148868920
148625196
148529707
148474439
148415631
147730268
147657826
147648981
147646216
147493686
147195538
146887702
146804990
146569531
146428363
146252766
145294175
144898981
144282090
143856004
143805265
143694038
143565065
142686479
142336259
141682840
140183551
140010098
139776062
139748240
139487079
139118162
138870582
138764318
138489999
138460164
138203134
138144905
138052453
137780739
137718722
137476808
137351179
136550204
136276078
135592822
135577613
135532631
135438973
135354872
134768419
133526729
133518743
133456403
132855198
132496568
132310937
132175940
131044458
130627548
130587419
130295628
130110079
129196397
128942397
128738898
128541808
128484298
128425626
128246602
127944134
127862374
127798115
127575007
127289951
126906429
126733432
126718519
126664186
126134040
126086206
126030998
125453969
125195753
124531391
124308576
124266273
124250852
124057916
123746928
123724903
123698198
123371859
123323498
122770149
122477793
122130797
122112794
122111410
122094104
122053508
121539516
121296163
121191859
121140906
120870837
120193562
120153772
119923823
119844526
119835440
119765690
119614358
119191210
118917461
118880936
118579970
118082516
117601905
117516411
117465801
117450420
117376676
117251334
116775999
116766613
116480027
116363549
116063765
115979444
115774395
115630535
115557940
115516446
115360470
115359136
115073277
114956587
114888925
114830310
114599241
114569401
113729414
113702311
113653403
113447686
113444995
113393517
113322701
113242236
113202279
112912170
112852128
112764405
112414366
112348433
112093795
111994270
111217362
111057129
111021184
111011528
110854548
110823581
110716277
110564722
110443794
110326494
109974187
109720244
109702390
109681911
109579534
109390837
109257354
109184306
109141469
109013701
109013017
108702396
108691306
108579430
108492761
108459313
108393450
108230576
108063774
108038949
107911169
107890282
107148635
106935057
106926389
106922617
106895484
106682853
106504800
106411207
106298081
106297560
106234268
106069488
105966714
105939814
105863537
105827527
105512484
105410041
105393209
105220744
105197819
105155118
104715826
104712772
104560618
104344359
104245499
104224874
103757662
103615429
103581635
103086746
102799367
102080846
101802390
100783176
99718121
99636257
99571194
99411996
99335113
99321479
98462076
98077302
97490571
97459086
97301773
96891824
96602314
96443882
96443814
96376610
96332046
96227425
96158049
95764209
95506425
95500022
95292788
95176946
94694034
94642927
94483582
94384796
94039565
93955272
93928479
93892158
93878917
93655497
92763811
92627963
92551097
92231820
91935208
91476677
91463084
91333167
91236773
91181033
90895400
90818833
90764673
90721862
90691891
90613411
90573676
90488576
90073649
89887215
89312744
88936048
88676762
88507556
88465869
87969465
87963473
87788695
87490350
87235891
87174678
86862001
86733602
86424236
86390762
86364947
86347253
85966652
85964575
85833298
85752527
85649579
85605566
85281300
85188855
85178225
85165134
84512601
84447535
84351228
83932845
83747010
83232394
83196931
82959058
82903448
82681434
82666965
82444624
82296248
82282572
82213695
82151660
81965252
81121879
80944765
80784646
80667335
80617430
80460631
80048596
79923701
79381521
79021569
79002496
78948355
78836392
78807415
78688499
78667479
78421007
78248094
77802639
77314692
77291023
77223972
77085359
77017567
76924257
76693160
76611108
76392970
76389128
76325043
76320241
76131095
75797367
75664220
75575150
75550501
75353492
74977930
74714713
74629451
74591025
74541831
74129655
74129602
73643203
73457328
73385250
73224138
73029017
72899232
72575850
72552523
72079441
71987474
71905822
71754704
71557700
71436060
71121258
70985635
70941084
70821919
70656012
70355674
70278416
69956810
69682411
69419787
69349916
69231187
69083384
68833161
68746721
68456814
68416219
68232217
68166464
67907729
67704826
67591743
67163990
66837674
66832282
66209189
66208526
65982765
65959726
65671583
65665356
65663607
65639777
65565502
65551087
65375759
65369238
65257529
65148459
65127277
65063250
64916983
64916434
64871158
64848840
64684327
64567972
64508047
64482503
64473644
64445347
64292035
64185347
64133555
64075444
64017773
64015230
63850630
63783716
63763497
63757941
63502414
63302806
63044418
62895270
62667032
62644597
62625580
62600598
62540717
62502942
61985275
61812697
61748258
61734492
61731614
61723221
61702125
61654984
61583656
61542667
61535727
61417559
61375313
61227907
61016265
60995997
60701666
60616682
60309756
60214236
60068717
60050283
59925409
59860990
59810703
59666440
59642301
59497406
59307246
59243738
59242341
59173803
59151932
59081330
58918199
58850865
58663749
58442858
58371677
58111116
57502401
57427164
57418107
57320656
57224717
57224661
57084055
57041360
57039392
57014250
56967586
56864092
56808935
56804254
56787736
56772461
56768257
56705634
56690131
56582402
56398848
55931030
55673433
55632244
55411896
55374833
55306742
55247508
55006025
54876575
54675700
54622027
54617733
54584188
54333994
54272848
54230879
53970619
53939773
53929744
53910816
53473610
53361561
53151247
53096661
53060576
52920970
52880122
52836502
52812532
52672768
52488707
52332354
52307619
52218283
52052011
51781119
51768451
51529520
51426896
51132574
51002583
50815550
50727075
50652066
50418887
50233072
50149592
50063134
50052259
49990915
49986034
49976458
49772991
49739695
49702654
49662361
49602841
49449605
49257739
49184365
49141146
48821708
48731361
48725043
48717834
48635597
48485024
48436285
48424989
48190524
48163152
48082526
48071385
48021931
47862007
47851549
47747074
47689939
47680529
47658104
47514668
47509268
47494539
47483851
47475039
47462668
47439232
47423601
47387027
47361606
47352462
47316108
47305435
47233122
47131160
47101500
47087325
46976367
46957222
46875612
46681185
46654180
46447090
46417885
46394523
46355883
46299743
46240861
46156776
46126764
46107266
46041883
45905648
45891623
45874498
45854285
45833435
45652035
45533754
45521010
45496942
45492966
45462250
45443775
45241926
45083019
45027998
44804066
44793186
44776990
44721447
44657902
44470276
44413620
44380488
44216646
44119449
44091231
44052627
43963249
43922300
43914724
43727347
43540497
43538581
43468044
43463431
43448484
43415759
43413125
43402689
43390859
43360950
43342895
43300047
43152824
43149749
43135048
43023073
42961882
42937124
42929558
42924530
42864649
42825230
42809339
42601966
42525073
42396724
42156814
42096654
42067255
42039840
42018126
41980825
41871603
41824898
41816126
41703106
41659602
41644450
41603960
41471329
41419199
41389093
41174250
41148474
41018224
40959360
40892859
40869200
40837108
40711129
40684090
40569692
40326609
40285064
40259630
40161418
40142108
39775495
39668527
39614610
39609914
39585367
39541289
39511166
39438765
39383253
39366506
39279821
39205591
39191527
39124693
38978289
38975663
38902920
38799512
38518844
38413836
38354090
38270145
37824501
37733939
37666984
37605443
37557317
37357627
37307277
37303498
37171680
37082409
37069994
37065289
37011248
36991951
36838487
36683668
36553142
36542585
36488962
36440573
36434049
36148711
36141507
36119194
36103994
36071175
35980780
35876207
35848987
35761106
35757252
35745655
35633092
35555019
35444603
35346141
35302752
35218566
35062969
34956929
34818747
34792486
34650660
34406914
34317032
34274380
34227622
34122903
34098542
34063632
34040661
34019920
33998183
33962758
33952414
33900467
33838201
33773592
33663816
33662892
33599308
33575311
33522912
33519541
33514869
33389181
33327415
33248363
33184911
33039483
32924733
32871086
32718488
32593690
32562739
32531642
32513057
32487867
32401981
32390598
31974883
31928197
31604106
31586578
31583882
31563425
31532083
31420786
31334384
31303673
31127446
31035182
31013444
31012078
30917023
30808826
30721406
30712031
30699754
30667108
30636901
30633069
30602016
30562261
30554369
30409200
30395567
30354991
30329531
30202028
30071952
30022986
29988743
29985046
29983104
29909215
29858353
29845618
29842699
29792675
29769998
29747124
29697916
29598035
29575427
29544159
29463555
29305738
29289265
29255870
29222120
29187401
29165062
29143332
29141019
29018269
28904789
28873452
28632875
28631536
28614063
28608767
28574479
28498005
28497584
28480805
28444573
28422642
28407006
28356679
28324170
28174677
28164923
28114096
28107695
28029736
28016897
27974507
27930338
27928145
27925030
27875100
27865644
27846262
27844182
27817988
27782837
27692098
27690984
27679895
27624189
27561491
27445555
27306370
27306129
27080345
27058347
27057884
27019786
26895943
26871191
26857944
26679748
26642006
26637348
26630245
26589987
26579715
26567591
26529756
26377478
26340804
26307164
26269523
26244801
26221672
26193119
26140039
26063171
26054340
26034710
26000458
25783456
25728193
25676709
25601132
25585010
25531164
25471626
25465628
25464234
25375094
25353607
25229279
25180316
25116835
25114839
25089428
25035516
25014406
24944879
24942624
24936378
24932727
24927979
24888671
24881388
24841069
24832116
24819332
24794561
24752484
24752038
24728209
24712487
24690880
24582210
24500377
24483185
24477185
24467097
24421119
24379054
24349215
24257941
24232108
24205478
24196139
24177500
24173609
24167314
24139516
24086900
24041126
24030827
24012732
23990056
23896773
23856362
23806673
23742768
23712278
23641580
23636784
23612500
23590478
23573663
23556190
23544596
23534104
23504698
23496432
23354702
23341699
23320130
23295813
23289019
23224098
23183848
23117374
23100755
23090019
23044236
22965734
22955227
22919204
22891564
22872643
22847791
22839233
22837115
22826489
22824309
22816767
22798591
22797514
22796176
22790881
22747624
22742964
22728467
22706510
22682896
22674817
22668154
22660923
22659609
22655246
22642788
22636253
22590635
22541534
22525842
22522178
22513005
22468377
22467617
22449932
22434517
22426104
22421749
22389244
22388197
22363645
22330739
22327753
22300463
22253327
22245771
22239898
22231438
22192511
22186723
22161956
22143372
22101067
22094539
22072075
22045438
22043582
22039279
22029027
22027975
22026670
22009627
21978309
21949305
21937328
21937199
21932667
21926959
21917716
21897518
21845792
21844854
21828411
21789681
21780954
21771952
21763412
21750185
21713505
21709837
21693060
21688320
21686199
21579498
21577894
21535252
21526029
21519885
21500149
21455569
21455277
21443352
21438445
21434307
21397499
21380209
21337115
21279715
21212087
21211349
21170363
21143046
21128021
21120253
21098812
21094279
21069283
21063257
21062994
21060968
21001599
21001534
20974987
20954915
20949658
20904490
20873069
20835583
20810335
20804020
20802603
20787777
20745767
20729766
20722346
20715095
20711895
20711848
20689236
20657126
20642436
20639941
20609518
20593217
20585553
20574184
20571756
20560335
20546028
20539747
20500767
20472179
20467512
20438811
20431901
20374262
20365182
20363480
20348217
20347305
20333711
20310445
20308111
20295968
20289274
20273797
20269269
20265327
20218556
20215203
20187443
20184979
20169416
20095468
20087767
20064236
20062160
20052487
19968025
19959946
19934787
19929998
19928353
19920203
19918623
19912468
19893224
19875993
19856777
19817786
19784391
19766305
19750159
19734832
19723360
19722699
19700387
19692494
19674502
19667507
19660388
19660186
19659471
19625601
19604173
19595914
19595339
19590257
19584706
19580770
19579389
19570540
19569549
19560280
19557049
19556080
19541556
19539948
19530289
19528058
19525753
19522066
19519071
19515674
19514443
19479427
19461780
19450230
19417850
19404758
19397785
19393655
19374863
19367144
19335591
19304217
19281751
19279990
19276198
19273919
19259102
19243544
19186003
19166519
19140927
19130153
19129770
19098341
19094000
19087575
19086623
19084896
19080399
19062153
19055698
19045109
19042148
19042045
19040598
19035047
19033675
18994034
18993080
18983429
18959914
18957805
18939092
18932403
18922205
18915880
18901122
18897031
18883887
18876842
18860590
18822617
18816862
18814998
18800615
18796019
18785864
18783755
18766631
18761592
18741724
18731315
18730967
18725815
18721034
18711116
18710668
18710249
18701485
18691746
18691267
18686907
18681139
18659273
18647850
18646878
18643839
18642262
18641880
18634578
18632666
18605686
18598142
18579686
18553127
18549724
18549100
18532455
18525506
18496432
18476766
18404492
18392906
18387237
18375989
18374131
18361558
18341432
18337283
18330119
18327902
18324728
18309740
18294529
18289295
18280225
18267548
18262639
18261985
18260147
18244332
18233963
18206386
18197457
18182848
18179467
18176304
18175103
18157816
18155877
18142371
18139160
18138767
18104734
18094696
18088367
18064844
18061835
18052474
18038245
18030962
18011893
17993906
17985765
17981917
17981524
17974481
17957205
17931843
17899109
17890364
17888298
17883224
17882388
17881672
17875198
17874544
17872737
17866318
17855050
17849741
17849452
17811158
17793650
17791840
17789751
17779567
17741814
17718493
17716533
17698956
17698133
17654763
17654627
17647477
17645638
17640754
17603908
17584860
17579106
17573212
17561707
17551375
17539497
17523331
17495946
17494918
17469492
17466375
17462723
17456860
17456346
17450672
17429668
17425484
17408099
17407196
17396615
17388832
17388253
17375459
17350129
17331288
17315171
17288996
17283238
17243913
17234452
17232411
17214676
17205402
17171111
17148698
17143946
17142076
17137628
17101287
17094311
17086719
17071048
17066782
17057271
17056133
17055595
17047046
17029640
17028262
17013577
17009565
17006157
17005586
16974619
16972280
16967845
16960718
16951956
16944165
16939148
16930125
16929051
16897082
16889713
16887428
16872682
16863340
16849854
16833586
16805695
16753660
16745770
16737259
16732382
16685565
16679560
16678527
16675073
16664012
16661430
16651526
16650635
16643209
16629639
16581604
16571936
16552794
16539459
16535928
16529257
16527415
16523437
16520187
16517711
16517063
16500734
16494280
16490340
16475986
16474060
16468365
16455118
16434823
16431311
16409979
16401507
16393886
16382892
16378093
16369563
16364066
16357416
16332914
16331393
16329577
16320554
16318114
16309873
16305667
16302665
16284253
16273417
16272384
16260184
16250296
16245043
16244449
16243718
16228337
16222728
16213079
16204816
16195030
16192740
16191556
16187600
16179805
16163053
16157702
16138568
16125224
16123375
16121779
16116519
16116115
16113072
16109096
16106294
16092768
16085801
16081831
16057909
16048796
16044192
16037165
16037134
16036960
16028499
16017475
16009329
16009072
16002085
15996534
15993122
15989423
15987172
15985111
15982094
15977320
15975316
15969768
15966995
15950425
15941847
15941144
15937405
15937317
15936117
15935709
15934033
15933662
15924411
15922214
15918808
15918708
15907183
15906304
15894730
15893354
15892325
15882323
15872908
15866192
15865878
15865260
15865235
15855073
15839929
15830436
15825577
15823641
15815532
15813127
15804774
15784587
15780280
15777490
15776381
15771056
15770837
15770165
15755360
15747530
15744663
15744134
15742043
15741451
15741355
15732567
15717973
15700534
15692923
15692193
15685575
15685059
15679924
15674867
15669384
15649355
15640533
15635001
15629200
15626406
15615271
15605430
15567042
15565636
15535306
15534393
15532447
15506669
15505653
15497952
15486485
15484541
15480135
15477189
15474024
15472749
15470791
15467700
15461779
15447522
15442853
15442036
15435270
15433452
15432179
15427967
15418896
15416778
15399782
15398766
15384720
15384449
15380529
15378805
15378754
15370654
15369123
15365831
15359578
15358348
15355221
15351305
15350500
15339410
15335778
15335141
15328751
15317247
15309315
15308526
15304141
15301185
15300187
15293504
15281008
15280067
15276654
15275677
15270027
15263408
15251361
15237935
15233289
15226458
15216569
15211869
15210195
15207668
15203375
15201839
15197091
15183958
15182200
15169290
15156520
15137538
15133432
15131127
15114855
15106933
15103460
15101900
15101375
15101016
15091614
15088207
15081317
15077314
15069292
15067551
15061294
15057943
15057731
15050812
15047525
15044465
15035484
15026996
15024563
15019184
15014381
15008449
14994363
14992855
14982112
14978616
14977757
14965418
14957890
14942319
14933304
14932233
14928734
14926753
14926469
14926361
14916975
14912847
14911145
14909439
14904841
14903327
14902698
14901823
14893620
14874972
14872837
14865169
14864154
14862950
14860076
14839109
14838388
14835101
14824849
14821360
14807154
14804598
14804195
14801602
14800144
14782048
14781473
14772775
14765743
14757518
14755294
14742136
14730072
14710235
14708747
14707240
14706139
14692978
14692547
14684697
14679177
14669471
14646505
14630585
14629974
14616266
14614861
14614648
14606079
14592905
14592505
14588748
14575107
14574179
14564240
14559797
14559196
14534896
14527887
14526700
14526204
14521862
14521411
14520390
14518862
14517538
14513488
14513328
14504859
14495682
14492722
14479606
14471743
14465889
14457262
14454667
14454645
14452993
14451152
14436943
14428289
14417310
14416477
14415898
14415362
14415338
14405093
14402667
14401607
14400739
14388420
14381020
14380106
14379660
14379322
14369639
14368074
14367669
14361331
14356788
14343623
14338147
14336686
14335586
14335332
14333848
14331818
14327996
14306296
14303497
14299153
14295976
14295211
14294455
14292370
14291485
14290525
14279623
14279058
14266782
14260840
14260167
14259188
14251580
14244650
14240035
14233285
14228174
14227842
14221013
14215609
14208457
14207993
14204623
14193522
14190717
14189409
14188895
14187337
14184671
14182218
14181273
14181097
14174887
14173930
14173190
14172348
14164724
14162967
14161299
14159148
14158842
14156115
14139811
14136842
14135426
14130366
14129316
14127671
14126033
14112055
14111434
14110443
14109419
14101326
14095546
14093339
14089871
14083628
14081641
14068465
14061830
14061190
14058196
14057422
14054492
14051156
14049858
14048901
14031112
13982132
13957372
13896992
13862172
13857342
13834402
13804112
13777772
13686942
13509272
13448172
13408762
13404292
13368452
13359792
13334762
13332772
13280472
13276162
13259932
13250772
13248592
13235832
13168412
13145012
13094262
13074042
13065092
13063222
12963532
12886202
12859772
12855662
12854922
12804422
12768112
12754162
12753212
12740542
12666052
12652542
12634602
12588852
12576272
12551672
12509892
12503922
12475182
12443392
12381352
12377822
12377732
12354832
12332172
12289052
12284932
12267642
12241752
12158242
12014302
12006852
11797692
11797632
11768582
11757522
11723252
11705402
11653972
11531602
11518572
11495932
11492932
11399632
11388132
11354752
11320942
11302402
11270992
11261302
11211542
11031402
11009592
10963592
10860332
10818002
10809412
10670192
10667732
10483202
10399382
10336822
10322712
10267352
10232022
10209812
10173592
10034972
10025472
9987762
9983942
9980902
9946842
9898542
9893152
9855382
9823482
9768582
9723702
9717342
9700152
9697482
9685632
9615352
9571702
9510922
9488922
9462852
9366812
9360032
9335872
9318752
9251292
9247872
9126752
9099702
9089942
8942382
8826872
8729782
8719472
8656032
8501542
8500962
8420872
8381212
8315692
8295852
8289702
8132322
8120582
8115042
8002692
7966202
7877752
7860782
7855062
7815082
7760192
7758132
7678792
7675082
7632132
7614292
7595402
7575072
7573792
7517052
7516162
7511002
7488582
7452972
7439182
7433772
7401782
7397032
7301572
7276152
7165422
7152572
7117022
7103272
7093642
7091082
7039892
7017692
6979102
6975332
6896472
6856312
6816282
6745972
6742522
6740642
6721192
6660002
6655612
6603532
6488302
6476742
6451412
6427342
6422392
6354852
6333412
6331922
6331462
6320592
6310822
6295522
6267962
6253282
6188962
6181532
6174752
6168682
6141402
6066722
6016172
5994002
5958122
5954192
5895082
5867132
5854882
5842962
5839782
5822042
5771252
5763262
5744892
5743162
5733492
5716162
5698952
5694932
5624482
5570162
5564442
5552492
5528822
5502502
5500502
5493662
5436812
5433142
5232171
5185711
5120691
5038461
4937061
4932421
4909361
4761581
4712661
4572261
4423541
4305411
4215881
4099171
3938181
3935341
3817401
3657081
3629961
3573701
3510781
3496901
3471901
3283901
3253711
3215861
3140391
3080761
3058771
3042711
2998581
2970511
2857021
2789291
2730791
2529971
2503061
2448501
2384071
2355181
2254561
2225211
2206871
2189541
2120621
2052011
2030711
1984791
1970611
1917881
1845211
1813571
1794171
1792511
1772941
1743571
1720501
1701371
1685411
1676151
1644831
1622051
1545741
1493071
1489691
1468801
1465481
1458271
1454501
1380901
1363481
1330201
1325411
1261161
1237411
1201261
1175221
1171621
1155421
1120171
1107501
1101961
1070541
1051171
1044241
1039531
1024691
1020351
1014851
1014561
1000591
975691
954321
928481
926601
888621
869641
869201
858821
851361
819814
818340
817083
815096
814304
813286
811350
810395
810129
802133
799574
799376
799212
798341
796983
794808
793517
791311
789599
784770
783573
782482
774909
774838
774575
772759
765548
756224
755959
755504
755113
749963
748353
745273
729823
720863
720733
717313
693963
691353
682133
681473
678683
677703
632173
627213
588743
552733
386513
355203
332163
101353
82433
82363
78663
75913
74543
68113
63313
62013
60663
54913
43943
41063
37293
36623
33423
15003
14503
13696
13679
13194
12665
12161
11114
11041
10990
10644
10350
9306
7121
6760
5827
4816
4607
4030
2590
1821
767
765
633
346
20
12
