930729524
894368860371001344
1072877255305646080
198338473
1159261705144324096
1111649645703376900
890958280574590976
1156695179715387394
1034763300553347072
701892381071769600
144492070
850975609652228097
1967250974
864653327371390976
2180275872
1153880097499176960
1153843973250830336
148223496
327997910
1030924072274653184
15383584
1145385515610279936
4208209274
954248225648553984
1127550353744977920
186201086
978635662319673344
1127018647283613696
1125782481242816512
94381215
1135589938261454849
2290957999
928762984301707264
949542017725431808
1145705634458984448
815650947284291584
59482927
92046477
628492569
71057918
1142773486835970049
133009742
899271893231874051
35496615
1007641424840364032
225791428
1067828090045292544
1124043845832986625
14472904
842111449002590210
1135922686843076608
53772432
1127274011455557633
855578669661786112
908162150325215232
903685291680124930
911274653930229760
626713356
39802166
32601760
2656771536
43915677
19609402
373100216
1128012587461799937
1534185068
275683088
386338347
1117459619125665793
95325235
17586668
1105115123155435524
1123204056221081601
919601591593914368
3083667519
993194159904378882
758747329767714819
42315929
842841144581111808
971622016129253376
832683905866096644
21783828
138497751
735221979662295040
872005440
1121413113981669376
1111759294104563715
3394637921
3026508789
900682370432380928
25591447
1110153019860103168
1101766030345621505
1119242126309466112
117561426
940079351327891457
390916838
1083191783327232000
869023910812987392
2149139288
1115126024398868480
215659070
1064631406792331264
29119760
4102196594
3257642980
1253178510
2831796348
891917910624620544
12855662
1024967304293974016
1097887953332899843
1098976520427720709
23049109
822010645633794048
2488753878
1107653000548376576
49642261
458500986
14267003
273383
378215155
1046824659981946881
120895557
3018157421
18905132
21907935
731832706489823232
1037291451443425280
1067785799683514369
27548536
4827815190
2424995558
57866342
88529490
723184403258601473
1103304852023795715
36520207
1022789307877056512
108873448
1099723952807587840
2844232097
1055158720852905984
968170410024972288
1088479553230651392
1062436039678218241
1098814052682293249
893315039859539968
218730418
42417984
1085466367975936000
874761213531406336
1095477628822319104
195711514
21884070
250216906
19072668
1411574893
1091472747065044993
946850282985705473
185365749
733652690782162945
956670642492923904
1087926786284052481
253407792
861514893505294337
311791577
1078301248141647872
16417568
14364049
880103890732986368
1088895986003513349
987154251758448641
4388591362
28322235
385135651
1054493497
143398008
723054061
2826313014
1055636424001773568
1087044175030304768
3484416674
1075758361470210049
28331933
1088843909239840768
2598878335
1087427222808526850
824754604923555840
2196555223
1085262225550397440
1085213608206893056
4919792552
1005506208210432000
95281085
71094529
1082696237202186240
47634573
821740259197259777
912129672304934914
714923687040843776
1083990211791597569
463883752
1082615080091566081
1080655259570036736
115218680
16653630
3587247315
1075532588406710277
24825843
829750733796937728
2809994927
887065223466799104
1641021698
2538389900
1069473860691476480
884385991565463553
799947454703616001
609501409
939489391168204800
185358059
59123264
1055829154078306304
1072935821651656706
1023010129824735232
23500215
4902237123
22787436
840579588933746689
1069990490681032710
44782833
102442710
53994640
1025370941847683072
746857290
3300355316
601040867
620364533
409362912
2932644733
919626623216996352
43015227
958017851079708672
105076594
60664773
920274502822518785
3413949057
416585094
18507898
18508807
15742549
116987832
21861087
35313089
38879572
314167894
956406023924961280
1032206093924147201
2817340717
956148574127050752
1058703908552376321
1053732523484663808
935218066526474240
1058766963919347712
1020085636982747138
17162190
903773592856363010
3360655089
1055621264868548614
742338756
858836588
14114745
745487303192129537
857330207245643776
1050177671752294400
1052831218134278144
1202664157
999281685563920384
450747094
1019320726141075456
1037732905370365952
874407780269948928
1054777884261343232
14739250
1948139059
896035501911810049
384254735
1037838688573640710
566347304
17073144
938104578616242177
16033629
913660988590657536
181152858
895024757216690176
764390472
983725145541042177
2868267135
2576603731
189243893
148526843
825701605202862081
16799866
215723692
1311233556
21790046
15667239
3017715668
44938068
44905011
978676557874171905
240536752
2226808279
512534365
753249729555955712
1013002942247555072
830526274665926658
1039301
902714289991143425
2476052756
17887004
2461642446
575376342
14327448
977285630123274247
19282180
1026271352611729408
1032751895713132544
459366830
3699682461
4573081878
1021503903823785987
1270440792
2330361176
171497845
962355333250342914
1032474584602365953
789359461
2668517719
1024835618734370817
1136124678
1031575933080281089
1276430462
110792094
359230609
983909510879166465
806465235108462592
1007514774828019713
254224199
962778227797364736
52041727
41374677
842243345145556992
730123030584688640
1002638593326755840
1028766103462440962
987615308742475777
1135805076
3010743325
21029208
455921787
235914245
17642348
159936558
994890939435974661
277321111
48582410
19858959
1017443142306430977
1017740319188713472
917082025806454785
1022651628866940928
1016720295854424064
1020306189832343553
586475550
852685336152948736
1019510155438850048
459744294
1016879701078560768
560531535
1333013496
932423655983738882
2375488574
17522082
140472579
14841364
864506223286251520
876032864483233792
1003437691466321920
1287470396
850446009184522241
52949300
988453932476252161
17445752
1005692893334462464
430402641
1056808626
27046692
14289249
897899095557328896
229908384
146817469
944528151681683456
395629203
711946344760348673
20838120
1007720454080122880
74504384
468784726
313736452
481343324
59209341
1009237175068774405
963794678977060864
581645337
1936669742
38121954
734523691963453440
984583759520509954
14247141
27966974
168918212
1010145813148905474
50195842
995106746979860480
3318020838
989158651486236672
954875461
999746953343787008
981546251161358336
31488001
978327549834027008
60546819
42275602
990556756437880832
935133828145909760
147730268
67552111
789568328738148352
988594664226918403
3297993624
17770234
1002793536746647552
41785345
3663548776
586939970
2243135899
979419564525039616
936248121876729857
975478773557743617
998293272912056320
924995721711030278
899152877192699904
7325732
981900017513381889
895372699823943680
48740061
998636569241075712
316506998
877875677743255556
38859709
17247976
988922576478134273
100260636
2512898197
958902589063495681
996118448739618817
955892706227736576
141189815
892780549688877056
841719257939529728
305706412
854030587690188800
2971500754
850831222989361152
3181965708
938142497280106496
995400267062362114
917468067667439616
754611173752987648
4520610014
806200055417937922
208165944
16146142
18003129
181597239
30073343
701834278213132288
843909307561377792
61875807
2230332919
986482064626278403
1533695288
96062616
326478312
364699388
1952979373
800917688910565380
57891876
111517714
879556783890505728
184962845
240308384
141272800
984148890260717568
967802277263265793
329278349
2864429747
931574142528352256
45493068
20054916
2934059466
968491858275065856
142822888
138559817
859471969447690240
720664083767435264
77529661
22365494
927159503455506432
719236062
2456562707
3012999766
956625602
18058556
14561439
12194742
963094157194559489
974179574236917760
2910570320
770363541585031168
177312750
909039732641943552
2517959957
26705531
365627703
797012908232372224
18922365
218626581
126820806
968197190983221251
92295254
2855118087
15635899
975337111732801536
158170749
3108623505
1176014354
14743266
909858820024913920
965040256176263168
58994275
99655178
69682603
966344229327863808
2291104242
743187235818725376
3987206589
942566569762160640
1213768045
175506460
182634063
21133696
3006471881
178302948
1468859010
753687677472505856
128721889
3728107459
857364888930463744
972134233912369152
2771109724
760484682551136257
17850785
967472577164685312
1613918846
499545633
19356814
204276552
50394742
4434757212
16192740
3084793852
960904496149815296
3271230708
915590152629743616
938368999154438144
15408692
257137124
401838028
967292456936071168
828792570419433473
878749760584384512
811741652931006469
17618005
958422685410881539
819296320456458240
900027903005609986
951876847536570369
2385824164
829478570980315137
826273446489374722
355446429
87959536
718272190345572352
2151506719
349936573
741090254598201344
19208659
17228809
931243333485199360
939176437545881601
206244589
493787884
17193243
927242426556727296
739214461936902144
360850319
2428061388
21426708
2951822291
2841927731
21926700
942798944484118528
1884788096
176561197
729757286558666752
937601568936837120
805768905474109440
768295877945372672
954535970589814784
955338438550618112
3092037026
935508345150230529
380468565
3637270763
2852727003
14134037
2937850459
949903771378778113
2648640926
864195142789373954
940060631465521152
900850151434194945
3017024030
937123392838348800
846697262864568326
855988154280681472
949013311324086272
4862671732
21958868
947738485925883905
210440958
787828144598163456
35203319
390513593
601734695
551148470
14673817
774276462186749953
798642102213242881
2586228686
940573873405353984
591184704
940699699253612544
879368664994242560
191574411
818568023539740672
929149784924987392
722478454994657282
7036912
2188868997
16011794
933082078698229760
553807422
1415501112
3064625409
938063291510853633
3097220415
923913450186821632
14049890
938107757357563912
885803611460186112
744013311184879618
2195089213
353712145
918120472390328320
2230399088
403820278
934964597156483072
908848755843239936
171978774
921237530372071425
583186533
34373487
774251137348300800
7269982
720487836
786159166075252736
851815640650436608
379529358
415864466
903398646154133505
920726994060500994
928331335617384450
713394249568555008
897249956922368000
3289157786
846093859448901633
773401017731911680
330697775
925895605850959872
50921959
925016856406167553
795888534137802752
34009294
852110562536415232
35946031
2577677449
2153171340
922773974756368384
2726402508
3094974153
144670866
3089956271
27777175
13131752
3158170825
2684187931
65426868
916173009542569984
908983300974313472
746331255625506816
778021468839915521
779732756662198272
51145918
89983629
142673153
3804411552
877647110102962176
913466672908029953
2946673756
41402848
331717724
913541180239106050
913123108701245440
763178203389112320
908417151618490369
881461880664997889
910659281019535360
29364503
852031405
907383252679368704
25096798
770303355012915201
475262419
22423900
18595461
908705807361089538
32860066
2935224132
26956991
3180044543
877635332170162177
2151467726
81487184
455596260
3137142224
989403649
4099191455
3319910754
65836867
4741971224
879246652304891904
844804402032521216
254038090
540211336
1537673965
573668830
7294152
110446239
903239461181546496
14063033
842493411378774016
3064062165
894489831404965888
899422434067140611
890723216
783444848
448374380
602224664
38303305
515465188
65684901
3418802293
847398706533982212
898553062041804800
466017843
885790874227048448
229491949
50736755
488295499
317980867
891835125805314049
22974768
3239720743
838456152119717888
1035689846
773446595127959552
959178728
23502844
50774917
117663348
819293451221139456
574144575
920253698
190401349
831915291709837312
882691471782105088
1173382699
54313444
865580714892210176
3105224276
204175978
773448225655324672
2828822030
754486638
17603016
300830185
2850253925
20686697
836253205977829378
877814402258546688
871372648009388036
25577936
4859328613
18366152
17992147
874673193029685249
62534854
42490740
149919515
849103097406337024
762162608283627522
1068384884
468868019
16047963
4885580211
494509031
115566149
250694819
883870142630957057
282859163
366377151
270675608
743971466123837440
831009545321197568
873105857222819840
880095936147587072
531410636
47583404
870411952861847552
216435028
2844067354
4063516932
511785403
850395273159487489
270145445
855045544070324225
875115065539674112
744356658
236832003
67470309
4922465808
56079997
4530344121
875413316822122496
1864520395
415598712
1635526399
50807638
792118634042630144
813901266791362560
2990009312
870280208540213252
792023775437021184
425850867
44312886
34286595
72578648
3206158035
17238623
1904570923
841960721026015233
18909248
965142457
16929219
757626750419374081
15975777
559804765
869455815501127681
324443227
820346484415574017
1395047390
868747487812534272
962838630
866882384544768000
850754338083528704
109968678
13032712
731047673134977033
864129109139632132
65021332
2767912537
39623
785975727531237376
546209617
2654590316
765056306487169024
2299354933
539541999
865226498990628864
3220735225
843701521564938240
864608992508686337
267817556
20613249
2202054558
3315878589
2873879001
863274402980352000
627508672
1024364772
862895202117332992
218504700
36182043
29971197
462268610
321558412
846418312766533632
145796365
166617911
342529912
846643779599826944
859473138597408768
27252820
819573082327252992
18579437
836795080950304768
164805968
12615912
91641629
23732525
827615223917977600
819594792241872897
251057871
807247816724774912
78108593
484765330
14354432
314822418
849618844440301570
857278862434029569
28440385
35463045
37839912
827240446447362048
2320137277
727290807670165508
582403439
851190784258736128
255107281
4922457573
15814663
3750523582
203054733
844210988824051713
605916582
218932340
106210757
108840028
609536150
841313880773165057
4851527510
131685659
1620619574
847484730467532801
168723831
281290743
850401167435747328
297838144
874741202
41085956
146980719
19367821
15067193
809853732695310337
800310074
27311072
19677754
2696788248
2761040950
900185870
48616841
440386880
880985820
1045219554
131574804
843260196927496192
14141069
843528670455062528
33476067
17620499
783611681020768256
102784810
2825564774
40841397
75481485
387520773
7722082
705331722423017472
811209340547923968
22711001
32440122
251724140
742155824827506688
237199439
808677482706718720
844405479900155908
48191606
809413250328760320
90428058
9516002
825839191355428864
3322661383
72665057
844723989851357184
23249561
165674699
4303600573
826543077372391425
989109991
114744695
881841
538700526
14984849
16358716
725066842763583488
840775360039993344
3178167575
16650012
743948068991598592
80820663
15099462
4476806841
841603641756794880
840515359845281793
823927145475035136
2165801
840071477550505984
2405232667
753667310980894720
21145417
719939201500856320
779672606278647808
828535059816681473
477244391
809851910450712576
4048922535
3067662274
2699320537
2526156793
111291504
837035075153743872
281149443
731232630121869312
2354160920
18112468
835540569602535424
727866770401447936
835869630015148034
4848913659
449829589
31143978
800858262736433152
832447183081254912
21825537
1945036698
717874138933690369
149326347
574071741
806883109480361984
832425852071714817
742252595490627585
33805898
754749220783992832
743456777862266880
742403663780536322
16270531
249249998
4526791
2248742058
295213881
2804913854
477331733
127401697
843699409
3144281
14337145
281262052
4417191733
1260131004
965121782
815941590615289856
211698460
795839822237749248
316698745
2316319892
821795611037093893
57727755
819966329251840001
751689078521753600
876076712
14227925
17761487
318608285
822027603934642177
3031235917
755905197856190469
796394147972349953
113992477
717900573610213377
215049907
581114371
1396660314
14958817
468492973
824002292236120065
1056690390
26072606
826133620180017152
821504155814653953
1222264946
784448282374184960
163663756
343989265
216559632
3119638775
444566716
807319527444934656
773059425401724928
823965316506066945
823623557087301633
39565834
75573223
3769309037
303997169
498865558
8078922
333502432
2869823488
51740797
818535758810255360
715268096018112513
956201952
774305914127986693
219884454
2732403769
387024286
818102319774658560
1862938615
811299504012062720
399125922
621785337
3124183632
33487169
819577088835457025
80495153
41977585
1101544950
517555990
241406006
770164018921279488
778711594964426753
2300270898
20087767
109318493
24902227
388091365
27727699
789805332
51631685
1682815554
3303478754
15302379
713030534
3035079972
773169287532077056
2602026194
710170537285324801
813516093092413441
441161743
253241904
2216268794
55624613
729980444
843502758
783649008178827264
289974977
702891072167374848
2734646681
14951741
1234413684
583781854
796169531936751616
1912019388
799259205727375360
19195866
808066581767012353
1595825708
75310667
7833
25350177
45915505
70419589
807146243583606784
2679295178
740244619212918784
3344415797
328769411
19304993
583853967
181514814
2491467247
736353999364837376
615434038
830453725
243239515
783304432159195136
2638555470
15947035
172478835
941734189
22837487
23522633
48182396
798267134170333184
20184638
38443932
800069
19867195
25083630
138902361
67085133
803396285235609600
117790654
2747373257
56905107
804876516760895488
2196357649
804492095151017984
4889847494
374755520
754887235
801948700188753921
712796991223427072
561781968
1077570072
705104132432998400
762087445844353024
2492157150
794972210414940161
3240362316
3278853876
799147641485475840
140913624
28448352
3221755328
784574005298786304
96773844
4491354555
579743633
792535611101982720
600484995
35828343
3524117723
3096946921
797430706020511744
96825242
794323269113483264
180603779
266200150
797967526294523904
791099568364675076
793526968448843776
764881396531814400
3283768430
3112041565
781460638409240576
627907285
1703573119
40501370
824829709
3099916132
201997325
146703281
4850866461
782315281368674306
3282867001
3938213787
27516033
791169054606327808
719570850530373633
786285515355987969
1621717764
243628046
781856833992527872
2721331305
4213765216
538570475
766520554069254144
793184664047542273
283050033
1669971
107483732
1157548554
299784310
2407224662
34121196
791458367902404608
2176104264
3232246418
118028240
38417328
771083312823545857
742170217808166917
136276394
2360405456
23121046
318210921
2869990731
69402525
1681455764
15038226
703672277938806784
2785811650
3088258953
92830904
156695434
3244737508
2999488232
547060567
399680826
33854496
768588839250264065
17303393
3298010181
786130543834308608
785829987236581376
60941385
3300318527
2604473791
88970609
728598336752762880
4042348513
713463163
570931326
768492075251736576
4848545719
4642296443
778442466462535680
35220460
2848985263
1249373168
1570188889
243681052
746415227864907776
500975427
756689443441049600
765750703369224192
268299722
3504720810
20663093
880402340
772355727608328193
4417370057
601926939
2263260392
1326975530
62551927
244022665
3224609446
778417550791028736
755941238059180032
19784303
3623045057
16738465
777592371060019200
705386408681275393
4836564471
760399095773011968
3365281780
59830598
731115314864373760
1035147055
897730358
3511439113
79245755
1964347338
2804857494
242046375
4193244254
2370370058
774967067858636800
3405091001
1449451496
14128528
259787274
738316128641028096
743315653390540804
774248884528873472
40353407
773593877760606208
53185790
760511233414074368
3085216752
755524979760832512
3700262836
770922892850757632
332407638
72968926
25747857
771828773595611136
296186478
424571563
346917183
735452274089201664
2786059706
69387560
2231073637
15928931
1959270391
1009316083
255481265
234482377
32332902
569443339
1534174254
15986041
4107488307
770634829549408256
2334568615
17112069
27903621
2596699314
2936168902
4755797227
524857428
15934033
742928879434772480
36584841
725871442500292608
4815866309
2339070277
2865727549
701129647
2807342119
3331442134
29244814
388109005
753478485587492864
727258071408496641
3373311256
764976538823655424
766421656533426176
3233609823
87792319
2858994349
923284356
91148519
16063182
317108039
874048897
26824679
1653345043
3321153322
37700351
4913103434
762762228357406720
753100630475083778
758653746498924544
83627015
2322340889
302317118
3318076129
764004056884883457
2451205356
763331402272301056
4883231564
763120368961875968
1337716309
3017324656
273875916
727182500733194240
345092952
162151402
759051579097874432
728699457156440064
3195342446
2454460976
164289485
8941702
390832286
760695338093121536
324511260
752648767267037184
17266882
721828526492508161
752580533100507136
14239664
22170665
1115868102
499189340
230628577
759068927091585025
2890645702
4141853175
724711725895954433
756794380208529408
913590270
2434219982
2913949595
3022698774
2977042869
737186440866627584
815604270
2884624727
1378469196
4637907197
3393438658
320749712
754036434353397760
18670811
2873519217
3021364199
188904944
2396106847
14190724
3304496720
1187977640
754791127723585536
172723658
94040543
20194340
3301156418
752514059581349890
978703052
751425766076841984
752881460839723008
488644188
367598929
821301511
4633790952
1699087038
330706729
36947812
556998994
388543026
759633391
752263747129843712
229991111
2564015857
846696348
3024747222
4875808634
147963393
2934071953
4877446161
4089272543
3976865172
314402914
2354600936
2312094992
751028508915294208
295612435
731156708517502976
2212744722
556566865
721132974
335992151
386179241
1078325040
1219621034
18336687
273146535
1858477844
4292441236
283311382
57715867
525866744
2291503862
705724971285417984
41326153
733765465198202882
19808209
2737097365
542529892
57741770
3214710082
20209994
1960802047
609353237
2893201696
707337351584993281
746727200582434816
51023
743784262864822273
169869251
86230384
1358148470
2926187000
52857711
60796152
15814679
3183026433
3268687346
356124680
616690033
2350780220
171929306
1519840410
706910184501673984
1003972393
131947606
15231287
23482358
240913872
245980179
198900192
2359858699
29181803
710172717975212033
732718643004510208
23032600
3247678828
47984512
242465956
166268638
68151205
40308831
3177887717
19891632
1959153038
15207017
742300387458174976
86691409
3160237952
2703112104
993643783
2306929291
38639886
51180796
20269254
704766397851668480
3319514047
114553904
116974911
213524644
1593146575
2424332042
4411275676
246025880
4786885266
267395430
2325854899
725356518858719233
727467244901408768
52701041
21339821
618170795
3237092803
70514781
484503186
205294365
729967223306125312
274827334
706640623227437056
374336432
78054753
724756488351141889
2790443574
712785308174168064
21728935
3392243523
712994825
563762153
736141636158263296
479659751
15816369
318212087
4265031859
279554866
268522862
1045070658
3119187679
710863006972973057
709455321257918465
19932796
2992159803
2780707812
2678028264
735872541504475136
4794585126
2601640675
19410964
14755226
491376183
180238812
238196002
3130998549
711163858354872320
733846354271698945
5570932
122797092
1063190090
4926043348
2837671731
727604407609786372
728585138561536000
576667268
449007870
16568971
180281170
36119920
710489792648253440
24172781
1337766775
332007523
4436054777
90190129
46248525
2658261168
722136481628889089
952719090
3748523717
2935666878
32281996
378426483
3590156243
270747496
395680071
1866770582
749409432
23121787
14635143
8191172
4338850277
407912726
112513753
706960492351393793
171258929
721876178735226880
2227364634
3819496333
4810227852
540988478
723356546265059329
64598018
2444334426
262754790
2562103027
2904558760
299525051
464871521
1415469271
466945763
7074962
340949652
4627170221
297129768
184493880
4149540500
741315463
575251318
429376581
175473385
717893686739251200
562381181
77340024
182085234
2480466067
105975767
3132654518
531934475
108521915
3342668921
30221554
3224820996
547223011
4875078443
727636713816776709
4851972095
2902878026
2836542099
137217083
162555613
720705589488263170
4831053562
18801414
726841439985000448
106595211
1132053727
720969287461179392
3192306900
271632180
461576749
700556889608720384
704313105623425024
899504778
1373006028
4873800987
2617645111
508710534
714889651589263361
1711658785
2305610844
821588857
3503416517
47576555
2482775789
722885729265721344
85380494
26355188
4832232622
3038993829
724634023767728129
624261519
4275305609
2818525121
4874045727
17322447
3269360084
38951384
480377592
720905539337785345
275805118
601332573
50724085
2451959857
333758140
1596121058
1729264826
37915258
3095218210
11723252
702796649333202944
4847645989
1201836266
233835343
235488866
3287802092
28090947
111049052
722118910754086912
4909094885
4166238401
136983232
717204356236492800
721402650839920644
384798293
4009555696
466151959
23309870
820010971
70571013
266090037
156659292
2640415862
3640861
756622201
2422396261
2323925391
1861966453
263295927
85547134
3003745501
720263723223416834
43896991
4576958539
1861205288
3138929260
59565029
108722391
26757956
488822895
4106821167
1246639147
261498304
3611538153
30789592
719242385897754625
195061894
186040337
2271084384
101879568
717029016159588353
19889494
36442822
39348148
15616963
4004355379
14065302
1444212397
2416312428
20770782
1900968264
4830962955
170364325
202011247
818196816
14181159
73270807
3353143595
2568215507
259695961
3307413596
2543723202
461174900
21331151
70400987
4211608397
1104748086
74665896
236555484
59910872
1705866852
551958062
331875927
714533160214605824
369979408
3225772671
7075852
715917920715595778
40859278
18831946
710094356271788034
2932372354
450080439
4343164715
2795164838
1969270266
342172630
55918155
712015387840348160
90557844
2555867234
2749643106
1407855932
715207417244422144
4705907766
709006978501255168
338291677
3428689791
179988744
495276240
714842141051199488
16342422
259216406
20805138
61841652
2854634695
1654186320
147826067
304467965
210149563
2924654072
1050696493
2249180846
4219601973
503535178
2530345454
227098769
4136155594
2468631494
637418694
178867239
946175041
509261085
158589195
2416516075
1024221278
4770679079
3411499493
216556381
58603378
217872058
926909484
102712079
2264574679
569703547
922673786
57853189
709784226430713856
588706132
3254208273
185376810
38466575
3108258404
71365965
146489612
941651
705768453865672704
57521950
222738062
3236570498
364467817
709803685065281536
16679556
3590444660
2990790897
35801198
4824315485
702355688
4806109273
3126802841
709390458158448640
948559369
1729215692
2503180981
2493609158
46072004
598830379
188840010
1879513872
1319180784
1637977243
1128321151
237989771
710149059617673216
2413434512
490940386
213264466
21677031
1528792166
708885414900174848
571011639
238650402
479913871
52730253
3286683499
1120319436
135916588
2204100050
3290039215
707798863680294913
21697444
709082589223641090
64238085
3914646933
567477216
20999381
26527297
486226128
2927195095
4827071173
35320559
2929256641
350223289
704694048993513472
707895745677037568
450911046
4506496516
707816236151939074
4916836557
3190050661
46597022
703263966215200768
3148622389
3303798337
3030729081
2772517957
3820185142
4250261325
463308992
372137039
2913438967
21433432
703854046365380608
225494553
161067392
2988899804
1563165576
14813038
3188965363
408170818
40107453
1403030586
37787667
2437396357
3785998512
391444647
158089884
41852011
150481133
140067606
17120611
1251442110
2897819647
16375132
171303406
511336886
699911370217758720
705187652471947264
64679752
14819061
706233503176785920
14873826
33894398
590436113
206745755
13418072
2172178574
1356237852
703749555313995776
2446713998
407060538
254303987
580064121
316176607
1308216116
91493301
207494868
82738156
370137977
44840663
4028128575
461446589
2975762746
2417094108
927442220
2904172609
702740248300617728
861749396
112610873
991184971
4908218537
315524565
1315223892
1585614415
4120387966
4879114677
89329364
121236212
2492266933
2477321731
466772299
905133858
547046633
267179538
374465433
1856762996
4882551173
3996509669
15501538
93826532
1549497145
632896921
4885513393
22874341
487054869
408749299
22154059
3080402914
283094543
1884217344
3300619715
2479949263
96028498
3403448847
1553486130
22872577
541081883
2223990622
297253635
2596523451
2608193717
2440496506
69788676
1544684569
9468242
4911708829
3003827908
1258254104
2221727533
245249170
422021830
3178342965
2227052742
4921338158
119689290
4511968153
21485338
2838170625
225965335
340730989
4834029935
4030769532
858643388
2880827110
4794723614
19157565
15390900
127294940
4889122855
115363416
2513309899
49823370
523588131
189107287
3299556321
57115031
4673632478
1428789702
1961199126
19955229
163163764
92351567
76860156
803852
4794794790
16915980
4832753959
377000433
530803142
2430809010
391982336
45552110
4846358846
23379024
3321406318
4883611445
53182348
9650472
4191041980
4848044832
21229779
3164559333
8661452
38183927
26204074
287970748
20704481
26310963
351847987
46828363
44054572
4865708098
22088910
695071869767127043
19872765
2413487801
1078398283
248629953
21333558
574009408
3141175510
38456344
3058968744
4814825727
856421780
737408018
114840652
2789417787
14329850
296641529
32271502
781805336
2334209863
513695092
1222614590
596148144
4865947059
4813832565
277495822
14998486
21276765
17906457
3215029977
4781603041
541911462
3623681301
2922491755
1523177148
15939054
2616093883
21365959
1856562145
233785312
77544540
3239953507
2248660566
19027088
106143132
4852693035
360317918
12732972
4853747193
70098989
4808118762
2397018294
4118993241
41923412
2905721018
2312289727
3307360927
1141765255
2735668638
1264324903
483433079
2283945799
4808484618
2388842059
4842653585
3018398392
4729524313
3300389536
2970161531
560423238
229536251
2980098382
16897392
4659438685
1627860380
2964515739
9764372
476323074
2710852183
73085918
4799819477
761122902
4790651246
21462453
2374735051
20685570
838443007
16069978
3379374099
275196821
23408137
2351975220
482293899
4779217046
2645823096
4824217359
51272665
4793073089
36046256
465285860
109350972
36564969
298823339
241054521
1623145514
791943786
171344525
4736032290
1087879370
245576040
2253603355
218657471
6589562
113656720
71630405
26295423
3299622998
259033986
2920541005
142229686
454566341
4217003294
3035232408
223610677
244192610
426102562
13860052
31046716
117471356
295437001
379990616
4591286719
1669502089
323320516
388624352
3801972317
476313413
317039841
256660871
94308449
18278057
30699989
232376567
2598165445
87894214
743718391
17120105
65483021
76101325
3231146647
114012214
582794357
43418591
171510511
35690656
2889233767
4258707197
3439273827
53894418
106588607
857611338
275205656
11430362
3247513302
15394413
16061930
1729391
28596270
292016515
53733390
3221934925
447907297
18989537
12451812
74600984
256657269
16856414
141989184
384015355
106069488
120293823
2575495897
194274255
12009252
69415299
16848249
21916704
20451672
2269404438
3331217525
42091511
3303071851
504697825
14278162
4749564434
3222371276
1621271
23579006
155970161
377576061
25086975
2551184467
16398460
1576056468
1023445663
17875198
1714499352
155365759
15475461
2772428497
101875934
213860249
5813152
286613290
3063535231
3227381347
2152332505
421053311
1261837692
58310147
3421101237
129870965
108617919
15850382
14397974
116849625
150669623
700495563
588608529
2866227364
29741305
15962307
76873400
155922350
104568126
2170722366
2824600639
2273295228
1860381812
4046499569
631144139
2770866048
3175454406
2835369744
2762258554
3793875733
15779990
4150105585
2513114588
583127584
115384461
287700549
115143941
408938632
2148972990
1947969596
3509369662
37324973
213222099
31911991
34930367
73145231
44378059
62660869
335870157
64990868
19597628
3397618841
4196117292
25056845
1244983856
4668857932
15940845
2328271016
3539665093
1063472630
2475885342
936028650
150757277
3241502160
248818043
2591913072
190887487
53748562
83972046
4623148335
400833775
3315345432
4477991300
102163623
19102915
29183101
4638916274
23489866
2733666972
3241667282
570951677
378124184
4574205321
18299322
1138862360
1366985594
308504538
3192979374
208470242
2234934781
195121377
16248319
103605056
2918764688
2421151896
457841367
461524599
30931696
4213056499
20791067
496157766
2286257839
237929965
4591921508
280551798
3092507429
2865996178
858327787
42259184
105585339
760122925
263408627
334872227
2682153715
2364471312
1296892974
14586295
2246280254
2946616841
4514372245
17796929
1485727021
178068088
20657126
775124869
21590519
1963535592
18953287
2991366465
18987780
262405853
347936156
2434019653
1893109448
3362860559
2558027593
731898763
4530882133
3143799393
3781391772
48001737
235235930
1514634780
564595075
204155727
4115422102
75184478
976609830
4417684535
614404055
386194636
177692740
617585233
4211841004
21132961
37599351
246351610
3280866078
197976724
1267517995
3043089405
3392140744
165028863
26684970
3030419245
20492343
2243570179
4322735122
3288861622
4115805742
327465665
103131134
1359157088
588878190
1647278306
2669058354
61242633
613186739
30370757
3361503183
3000234479
315243495
198630213
93504913
2919328594
4223573180
3387334528
4147795875
294686837
176439768
2457938508
3346259699
4297370239
3329917187
1651209192
429229200
4219376685
3947905642
16256162
3062182481
1018635612
16212250
3720440532
747764287
168449757
18368926
3077247304
278148301
871787257
2800892707
2821251100
2704193648
2986411498
23321872
574008876
2940094453
23291846
3792460515
357564645
2924876946
18719512
40807334
296320946
92367412
17204399
3763878375
3770867953
358142191
170416083
107205339
2347514365
25076266
2159727804
461248067
3179763949
2398591998
1129672454
34027528
504437691
2951887235
14796270
27171501
627434750
1312232402
540569663
3981479008
13259702
1271165455
2366183179
4162403173
1578991350
2965130145
3233881253
938190434
1217224147
159482726
3941160492
870490093
3313855712
2678178206
42795182
105839980
26848615
97482080
1452356490
82703465
15601132
162527357
3064102995
293666792
778846633
18735212
167943451
95290473
1336003116
180458098
334438648
614690133
61366674
19088433
84019422
2183644042
4003325253
67984678
327455161
4018803639
559712074
3373166457
989198222
2559191562
4095276496
3233676923
2957679642
725881699
25868312
1101613117
2367320131
1279398318
3292884962
3904884854
2209675723
634143585
20646454
2293538503
3939787152
480718524
104268230
3958662323
37559397
2897788128
4018054835
3380787628
3247234178
10118102
139279029
16230589
3987473032
2858144228
177394485
1370136805
241257336
3962628373
3040106943
18348565
30676100
121864426
2952843758
3389510782
2864109579
3464643012
14847596
3093977034
28602766
2819611444
2264837450
204284168
40113530
3187019336
1002613273
3535186817
91240092
3979397895
15359559
401577716
938127732
1406186312
307466407
42265391
3834492135
1259873808
120265450
237005268
2808391242
3635125095
158375593
3906122605
3894403529
8246902
196038369
3963112576
23657675
24982421
44159593
3314666034
28040554
3502131863
536588306
56152593
3608761397
2897173792
79738756
873920394
63486187
59571481
10748252
3384539051
3395043384
717466434
19857029
8509492
3299773044
17755197
2930574864
777256556
51861357
39728016
15084641
535446656
1965833904
1923985771
3770975296
266152494
702997532
538715185
2348954028
2423640782
532653436
2950536278
320428106
65147278
336947022
70985407
437775539
3291417588
235297381
356345235
1269574873
3071980747
79333583
28352358
628606628
3248969743
116870451
3373414037
21631981
47731363
3534147502
18575786
1967226614
49413829
2283724224
33666595
989059375
72888225
2826060634
266687508
2521215565
55081689
2459753744
332078140
2585830490
2999829935
1169868559
1890024710
1039531
807589513
203928917
727192716
577410031
1969544359
23174373
974085018
51039981
563090751
3427658849
2243415673
1229351642
3342621969
3419220603
3434103585
2957004292
241186661
2322479366
2934204198
278946331
163120056
3178598952
1577659598
3110320809
23072813
2808353832
2508206575
888814940
3351969003
3177075700
36638200
1310946787
225550891
3095163606
3306268631
125632822
3006961615
3306298040
3399756537
1289578351
52030034
1090072992
3366116849
3149311355
455036933
60608182
3402685049
50658883
2790202526
636912389
3395607417
32816416
2242941595
24616889
3291165122
14188919
21902337
354484311
2795176129
2602597430
150847383
372050829
1280413488
348653753
3373358283
101686864
3257244306
2842357101
343245264
3365940358
563124188
50652066
19290107
47494394
177238721
19733342
752028078
2201424369
32799185
231872662
2753037543
76727116
385600519
587488528
3277748468
14745748
17232931
1256080099
346382699
511032268
3047822135
251063879
2475571056
80945694
301212091
2912817584
1011987344
27678663
3181487354
729043237
2690573545
873615343
1166713477
2776420219
94309020
3248885311
232901075
3337623245
15029897
2294750551
3187158993
501273470
3235324910
398042044
1060976028
115774395
1576641061
2200515294
1377947790
648783
237841846
539235905
38050134
1336920841
335972280
3110556141
14146435
975985435
3063284638
355695937
2897112967
3138146826
180251579
66437609
3242048711
2997399980
2485642782
38526061
3056818830
3059706410
2302135291
3050241286
2784205473
2867239092
14619870
2316577976
6591212
295333580
3131207465
390821801
3012561618
2716286361
2363128987
3258738083
1416994274
3198779538
1228300207
83848741
17074378
2374559190
514605670
67569489
3173663692
201528646
205805128
908558893
1563963278
3116674094
109013017
24692338
482093392
21308199
21376588
2915827216
2337082103
51203770
2357163258
3182023435
62362218
173749267
3103336577
1737942674
2344355728
32623029
24166424
3105106238
494334073
3101948724
27122487
1055171388
2932676678
796983
1255319149
384200997
301301587
16814180
1206083094
312792102
77819682
835945201
1897937246
106539726
54787200
832300344
1225797049
2493016098
2743632943
1897941284
312873184
176749013
167974664
163318637
2499633091
3115648554
2649587772
161811101
776525539
48600793
570266167
473401762
3082627218
546900134
360656464
29021744
326572733
179680470
3103878667
609741448
26096906
332064554
395337506
287684436
182908833
3098626842
595607546
540729520
2833124143
3074669750
194730702
95444678
2904445737
3092082261
63166549
50061922
221469019
224925575
947692662
1194200606
103910578
104131080
29285789
3070993640
321361410
2673474644
764147070
19374284
52764638
49245666
8853502
34555663
52538275
562607989
2589675446
191372406
2267687312
991702063
145447871
2731406669
2363196392
2344031756
459368252
333643466
1369859876
527844680
2727474684
3059156464
2854461677
3058188921
2735481296
2939553684
2999300717
378859466
2955545598
423935792
21716299
43366773
15820699
2200218751
410883743
78288185
229216030
18077385
3023448319
249939992
1435545182
3024271970
3033749183
1663314774
415217510
3039971225
3031954006
3020208061
210684204
19308725
98931661
288552218
81982525
3016607850
66126065
1688458015
2830281176
600012594
13827382
1177509709
16823772
1513806158
438114473
484396320
2959116175
239472362
113697283
263380928
2981211508
31467405
2274050401
138957710
422318740
2548277040
3000227406
2749640493
716426106
288293426
3474511
2941713569
559844272
216253633
2866413364
17127250
1273161
26045083
104930426
2754029700
61456540
923957791
2600531617
2991161267
15067681
2989638232
1183623373
1965566857
1685475188
2784127896
2550988674
2971916626
2283817142
104002795
15911022
2986634065
51941080
2902736224
534840913
1879840980
130553390
13705452
2949565943
59842739
615559786
1239470780
1500630428
87231302
58531651
2946020464
2050461
153239580
267753536
2423203460
18033907
16690366
181720256
44741373
93663917
86371136
18211220
2929680749
1090213536
732773
2932139811
37836873
16594160
2872564853
2438904465
2711354274
263235920
2707698103
93906674
2294982792
22632161
2923577265
2451858246
2925385055
4082861
758383008
16453712
52632300
14308362
446719282
94371362
443887471
399867926
200400814
1398357726
2595545851
1107926492
262937561
2922415128
2305037707
35557431
19092260
2845571873
2240248446
1152770724
2186732210
14920886
2293447046
105254041
2872111664
94847024
2873773662
2782411963
1618835510
31587159
2459820170
90719213
113274869
240037953
950304980
2678037396
1658463894
859602991
424073088
2283928710
2845632168
2904270456
884982655
2902997982
246447403
2880467111
29728273
629092076
2787540506
1540691994
20122284
195904257
315516299
2872550931
1121928126
2863860700
2470043136
1639080703
5012811
721309054
112833757
159218146
2805012390
173557414
392691959
1229581627
223745341
128284822
19790512
2842499362
22783783
2745087121
426752122
222433358
17466375
22818123
229579697
1119668202
14270624
14471545
2840811442
40387108
1337725243
97072350
962456688
104302841
381128332
2773660988
15445270
1420419246
51924200
1317622940
1246548884
22835289
114380627
1905455712
61228620
19797549
2669531887
2777425711
348588568
2798536450
24223540
75047952
133906709
14764533
14060372
113132878
505249241
201458111
2821062051
214105292
2341198328
95980797
2776532580
31406096
237407446
16690229
2814546947
143084547
44333589
2307406981
618984947
14517930
1006340390
2332832006
21110732
1278172902
2334531259
1954487251
2546670596
474559994
119120977
19434284
1517366059
2809671595
751590739
2601907986
281741580
2782091367
2831818802
1194766590
20123695
1072367522
36704672
47449901
2815283353
1262357130
2828695748
97013977
365420705
246933748
67871051
2759449807
2415393394
1520314255
1020186002
2362793988
286112965
112022716
31423006
2787365148
33970703
585384112
120946241
2815020638
1124720773
288758889
2158810735
381276790
356923942
70404973
2491809541
522956868
31181335
367758148
388001253
145271333
246870638
1720946442
74646662
2805989929
2803537146
1172608458
24179143
148265704
364640715
2243183095
2652936912
30585729
566973477
81221840
313596774
1901866416
16523400
226002340
2414826756
369575754
1978631875
819485222
2773581918
34106008
18386918
432956471
15905565
72658930
388412689
20063698
161387747
14382909
2797111502
1672021944
521386599
97724926
47095664
2443847292
557716702
211468613
14836524
2411049978
590290083
802575272
1202013512
2340471192
2788196900
2788165092
1246484390
2416252746
16304230
23837283
155594339
2365124658
25020287
51491797
574706564
858574993
334029062
18558666
15298562
2312267712
312862830
26127066
2495722429
703345867
18841939
459357782
844813783
16851009
387601925
25804686
202789656
23203836
121589935
19822322
2369574824
557204598
241635217
2488495814
217543351
2354836194
2739680888
13105902
1166619048
499998347
272483200
255618615
2679697958
74582111
2451974389
374652887
952630182
18226951
596487721
2615821087
41388281
77417219
24002081
2769785402
1040027323
55293205
34146857
56794525
17839117
979312807
2422622876
14334725
212340929
27656379
348496204
14272892
1040755964
264230626
292014026
1201359535
1705064486
2424871922
15473603
18240837
265077727
1561201488
977353310
208576658
14126481
402833807
860362016
1018884324
47729259
106789870
141322950
20008964
2596429110
1064456694
344119822
2572905745
16425849
2353517772
1904999472
143824644
2648940223
1358414712
512244275
265049463
7781662
346040558
91182668
61271956
20204946
348906353
22779417
14812510
291936660
235172760
361405349
40784197
248945322
19668412
1942277287
17998204
597966989
16912500
43798871
38357796
253664102
340087275
393075298
27221902
948602215
427538243
106584380
17871802
36514684
17480046
363206429
219613125
2584482235
64319731
356762397
1551929424
1620421711
63540937
2433534989
72676548
25298156
2349476196
409460174
14307494
67465733
25707034
145513672
1309454816
13018052
29082715
79469796
2608144904
2699507503
21099283
16288214
195800788
10782182
18539631
2690792814
901582986
2719271392
1599372553
90494031
2493719221
2534371910
86334718
2396738916
2646111955
2359524673
1004623327
2414836392
20435347
156257989
225901990
2533438855
111183599
34246111
48304993
30202906
51911122
2617710715
18415221
89047314
14079852
2649442958
241706916
474617654
1949143735
1310990378
122076001
100579229
2665536138
230731989
227455591
127608613
160074186
1499066065
292367611
340280268
2177090214
2544671011
621542385
860185134
2174546982
806721643
14225711
313555017
16440294
371830643
41065563
90445173
608314790
26667574
92364122
2446448574
993380089
22837216
29246831
36662893
2620894978
159608701
2654574122
383403794
2411361121
1920572286
2159781932
2614539644
619533913
46720785
451975545
2590003430
11103872
575087139
533674080
192393733
2415801792
2459931349
2493123806
14474225
2586384493
313523932
36954437
18394382
287741477
79514400
2200971938
18229413
403530002
162778588
36074280
20619972
620561527
147593950
16990809
107243293
389185767
1643434567
544606377
21349250
15899765
15024563
2214540024
15482557
1849722919
493503585
17973991
359633447
39568864
1952789474
2578818992
1643488591
85673557
27262034
27257307
146109637
58509348
619100231
14254208
12466462
18099162
600206578
109392023
212421813
2570907859
155539736
10797092
1957282147
1026739729
17773467
32327154
729714409
21444115
2548561164
1082027664
16588005
2191631785
2430345001
499023171
40556383
1176407047
1656621062
2179951
96979900
2184580580
144540019
213325722
46145594
14560316
392809670
19921408
1242114924
19342479
55618046
